9
catmullrom 10
259 334 255 40 40 40 200 200
32 95 255 40 40 38 200 200
92 26 255 40 40 38 200 200
52 187 255 40 40 42 200 200
110 46 255 40 40 39 200 200
116 155 255 40 40 37 200 200
174 49 255 40 40 39 200 200
161 187 255 40 40 39 119 239
200 158 255 40 39 40 200 255
263 8 255 40 40 40 200 200
50 2 0
bspline 7
261 110 40 40 224 200 200 41
250 193 40 40 220 200 200 38
195 195 88 40 220 128 200 39
208 128 125 40 227 38 255 39
253 118 91 40 221 200 200 40
259 207 40 40 221 200 200 38
291 153 42 40 217 200 200 41
50 2
bspline 5
286 35 230 40 40 200 255 200
321 24 174 40 40 200 255 200
300 163 65 40 40 0 255 200
297 198 255 40 39 0 255 200
320 170 170 40 40 200 255 200
50 2
bspline 5
333 34 230 40 40 200 255 200
363 21 174 40 40 200 255 200
344 163 65 40 40 0 255 200
339 199 255 40 39 0 255 200
364 170 170 40 40 200 255 200
50 2
bezier 4
195 105 150 40 106 197 0 255
214 50 66 40 110 0 0 255
406 175 255 40 40 3 255 255
476 96 154 40 190 0 0 255
50
bspline 6
22 350 237 255 40 0 0 0
61 306 255 40 40 0 0 0
100 344 144 40 40 0 0 0
64 383 183 203 40 255 0 0
20 347 234 255 39 0 0 0
71 301 223 40 40 0 0 0
50 2
bspline 6
203 488 40 255 40 255 255 255
120 416 40 255 40 255 255 255
191 330 40 40 255 0 255 138
276 400 40 40 255 255 255 255
200 486 41 255 40 255 255 255
119 414 40 255 40 255 255 255
50 2
bspline 6
470 498 199 40 40 10 9 255
287 498 255 49 40 255 255 7
286 310 40 40 40 12 12 255
465 314 196 40 198 11 10 255
461 499 197 40 40 9 9 255
282 497 194 40 40 255 255 9
50 2
lagrange 7
30 240 40 187 40 247 90 143
59 278 40 182 182 240 176 30
143 247 40 179 128 243 200 120
278 301 40 179 40 255 35 110
308 249 40 149 63 250 200 142
385 244 40 161 144 199 173 177
465 160 40 111 121 255 110 171
50 1
0
