1
bspline 19
831 934 76 76 76 178 178 178
980 768 76 76 76 178 178 178
1009 506 76 76 76 178 178 178
960 238 76 76 76 178 178 178
758 67 76 76 76 178 178 178
465 28 76 76 76 178 178 178
201 154 76 76 76 178 178 178
77 412 76 76 76 178 178 178
81 678 76 76 76 178 178 178
241 917 76 76 76 178 178 178
516 992 76 76 76 178 178 178
805 913 76 76 76 178 178 178
917 714 76 76 76 178 178 178
891 473 76 76 76 178 178 178
740 292 76 76 76 178 178 178
492 271 76 76 76 178 178 178
336 432 76 76 76 178 178 178
393 667 76 76 76 178 178 178
590 701 76 76 76 178 178 178
270 2 0
0
