21
bspline 4
203 393 103 79 20 200 174 121
194 492 104 81 22 200 174 122
286 494 104 79 19 200 178 126
280 394 101 79 20 200 178 126
50 1
bezier 3
259 8 255 255 255 40 138 40
276 78 255 255 255 39 140 40
358 96 255 255 255 41 141 40
50
bezier 3
158 96 255 255 255 84 174 83
239 77 255 255 255 84 172 86
256 8 255 255 255 86 167 88
50
bezier 3
306 99 38 93 40 169 209 250
329 107 40 90 40 131 175 228
358 100 40 92 40 187 221 255
50
bezier 3
304 102 123 168 212 40 132 39
322 158 171 214 255 41 134 41
401 178 255 255 255 40 134 40
50
bezier 3
318 174 40 100 41 156 200 255
354 190 40 104 40 147 175 255
401 179 40 106 40 146 174 255
50
bezier 3
317 178 154 191 227 39 127 40
354 236 194 231 255 38 129 40
451 254 255 255 255 40 130 41
50
bezier 3
372 255 40 97 40 134 168 214
409 264 40 96 40 150 182 255
451 255 40 98 40 146 178 255
50
bezier 3
370 258 142 176 227 39 125 39
395 314 159 200 255 39 125 40
493 339 255 255 255 41 129 40
50
bezier 3
403 337 40 98 40 130 162 200
451 353 40 101 40 145 171 200
493 343 40 103 40 163 200 255
50
bezier 3
401 340 151 148 255 39 145 38
425 374 168 220 251 39 147 40
498 398 255 255 255 40 150 40
50
bezier 3
16 387 40 124 40 200 200 200
242 391 40 126 40 200 200 200
498 401 40 126 40 200 200 200
50
bezier 3
219 97 158 190 239 39 129 40
185 103 159 255 255 39 128 41
158 100 181 255 255 41 129 40
50
bezier 3
220 100 40 153 40 168 215 255
179 158 40 153 40 219 255 255
104 173 40 157 40 255 255 255
50
bezier 3
185 171 147 201 200 38 131 38
143 187 201 255 255 39 131 40
104 176 200 255 255 38 132 37
50
bezier 3
187 173 40 146 40 165 165 255
156 232 40 149 40 208 255 255
66 251 40 155 40 255 255 255
50
bezier 3
163 250 154 206 206 39 150 39
117 267 188 255 255 39 132 40
66 255 184 253 255 40 143 39
50
bezier 3
164 253 40 127 40 141 196 255
123 310 40 159 40 200 229 255
44 330 40 187 40 255 255 255
50
bezier 3
143 326 37 192 40 154 199 255
92 371 39 180 40 255 255 200
14 384 40 181 40 255 255 255
50
bezier 3
143 324 193 194 255 40 130 38
95 343 191 197 255 40 132 39
43 334 187 187 255 37 132 37
50
bspline 6
181 363 40 87 40 200 121 200
156 340 40 159 40 200 120 200
176 310 40 146 40 255 137 255
208 333 40 152 40 200 103 200
184 363 40 85 40 200 118 200
151 339 40 148 40 200 117 200
50 2
0
